V = [
[0.9985020222699356, 0.001497977730064413],
[0.9877277074402508, 0.01227229255974916],
[0.9862662444759333, 0.013733755524066686],
[0.9756193194640941, 0.02229304610848528, 0.002087634427420677],
[0.9721143958241517, 0.025725214029998337, 0.002160390145849952],
[0.9613469794489103, 0.03623100277933874, 0.002422017771750931],
[0.960771701630513, 0.03678587135724655, 0.002442427012240432],
[0.9503206475708031, 0.04676754659785081, 0.0028102200263688, 0.000101585804977305],
[0.9488962756241868, 0.04812100780283604, 0.0028770257049148583, 0.00010569086806233088],
[0.9474740444680285, 0.04947030702765928, 0.0029457572837924503, 0.00010989122051984721],
[0.9372393366543703, 0.05917484000334312, 0.003445446542456982, 0.00014037679982955897],
[0.935838442667742, 0.0586192462093958, 0.005287086580789452, 0.0002552245420728004],
[0.924060666485088, 0.06965153121902137, 0.005968661935866104, 0.0003191403600245212],
[0.922952732425791, 0.07067572957491462, 0.006045581388012897, 0.0003259566112813943],
[0.9129850281158898, 0.07988639461777212, 0.006741039009349462, 0.0003875382569886578],
[0.9116170104201818, 0.08113432342296778, 0.006851529508165832, 0.0003971366486846494],
[0.9017724207124402, 0.09010960658974004, 0.007651347397883509, 0.00046662529993619716],
[0.9004213115775279, 0.09132543160580965, 0.007775777616916167, 0.00047747919974627876],
[0.8990836397836394, 0.09074095992924984, 0.009521300142562352, 0.0006541001445484185],
[0.8893768596787807, 0.09947733313167374, 0.010396171578725317, 0.0007496356108201555],
[0.8867089851216756, 0.10185051017628144, 0.010662080991147424, 0.0007784237108955516],
[0.877136980380112, 0.1103333610960603, 0.011644748709202943, 0.0008849098146247563],
[0.8758233347653419, 0.11148205225164763, 0.011793472941501562, 0.0009011400415088453],
[0.8663699857841276, 0.11974345212476838, 0.012868064251706108, 0.0010184978393979072],
[0.8650726396784086, 0.1208619458712375, 0.013029044231591597, 0.001036370218762325],
[0.8557365768993865, 0.12890611125782714, 0.014191720024605683, 0.00116559181818066],
[0.8543885031266535, 0.1282765532238187, 0.015818101623545338, 0.0014131805493736416, 0.00010366147660884356],
[0.8531079188816841, 0.12936414216507128, 0.015987412244172997, 0.0014348876437385851, 0.00010563906533296083],
[0.8426224433451622, 0.13825403604783362, 0.01738681081006435, 0.0016146230249131138, 0.00012208677202656942],
[0.8413595178488279, 0.1393090490210112, 0.01756870482451013, 0.001638388211317232, 0.0001243400943334987],
[0.832271203033767, 0.1468964277537013, 0.01888163097942471, 0.0018100931968245207, 0.00014064503628257783],
[0.8310238152957752, 0.14792298570935794, 0.019074220718059566, 0.0018358134044906354, 0.0001431648723165856],
[0.8220473127672869, 0.15530565550118608, 0.02046400913842671, 0.002021627515389421, 0.00016139507771095198],
[0.8208163415777934, 0.15466336460152283, 0.02200163092302435, 0.0023178288679540355, 0.00020083402970540396],
[0.8119506021009519, 0.16186301965494074, 0.02343268630851211, 0.0025300511196576086, 0.00022364081593758892],
[0.8107337718381477, 0.162836726642484, 0.02364085704857748, 0.0025615250938995785, 0.00022711937689127954],
[0.8083005482528605, 0.16478335344882797, 0.02405747514230669, 0.002624536601234556, 0.00023408655477033703],
[0.7995702798532747, 0.17173851021257705, 0.02557573729243038, 0.002855630623954192, 0.00025984201776372114],
[0.7983720469553935, 0.1726788812831586, 0.025795478491066483, 0.0028898370484676233, 0.00026375622191381716],
[0.7897492664713308, 0.1794415247373128, 0.027380333484265953, 0.0031368226686236175, 0.0002920526384667054],
[0.7885657896052433, 0.18035564920981156, 0.027608900668235927, 0.003173318883171616, 0.00029634163353759265],
[0.7800523445890694, 0.18537059368566508, 0.03044903671568036, 0.0037497298103851486, 0.0003782951992001244],
[0.7788835001973262, 0.1862613315963557, 0.03068188108912103, 0.0037899108852488842, 0.00038337623194813973],
[0.7704721982768745, 0.19266692272945557, 0.032360845601308315, 0.004079941395304947, 0.00042009199705664047],
[0.7681602529140755, 0.1944031926753318, 0.03284099581652362, 0.00416453407068618, 0.00043102452338293574],
[0.7670092887928459, 0.19526259741324, 0.0330837772643824, 0.00420768615938811, 0.0004366503701435538],
[0.7587266542423872, 0.20144277841532005, 0.03483413486364042, 0.00451913450265645, 0.00047729797599590444],
[0.7575898776671304, 0.2022775182582885, 0.03508446795940507, 0.004564748390174791, 0.00048338772500119834],
[0.7494145223243551, 0.20678332456168558, 0.03797690228002531, 0.005234613650447662, 0.0005906371834862717],
[0.7482918255001153, 0.20759614888802708, 0.03823052378749918, 0.005283869650598054, 0.0005976321737602617],
[0.7402125982788802, 0.21344124339869158, 0.04005871779663767, 0.005639284933753612, 0.0006481555920368592],
[0.7391037508722462, 0.214230327789432, 0.04031918813926062, 0.005691060431693542, 0.0006556727673676862],
[0.7300244499156244, 0.22067816793465608, 0.04246144262189114, 0.006118102507377624, 0.000717837020450682],
[0.7289309409701158, 0.2214411729436542, 0.04272914858587617, 0.0061727679212043715, 0.0007259695791495002],
[0.72783907891277, 0.22220139971080907, 0.04299759593643705, 0.006227753316349484, 0.0007341721236344126],
[0.7199817376399935, 0.22766811342622026, 0.04493228634492551, 0.006624455468604464, 0.0007934071202563015],
[0.7188437837292834, 0.2269494495712803, 0.04618902998535819, 0.007046030213152313, 0.0008783854777030609, 9.332102322277137e-5],
[0.711078639962446, 0.23226609333274098, 0.048140274718150654, 0.0074683202168060805, 0.0009448894885810885, 0.00010178228127515336],
[0.7100128506895409, 0.23298314392723, 0.04841676864888648, 0.007529474612666518, 0.0009547094009027689, 0.00010305272077351101],
[0.7023431747005955, 0.23813920326371657, 0.05040918621525914, 0.00797059759388125, 0.0010256061396479864, 0.00011223208689959598],
[0.7002350201528663, 0.239534154062963, 0.05097185728928823, 0.00809763503075739, 0.001046372865885318, 0.00011496059823972628],
[0.6926710548041263, 0.24451381517999288, 0.05300750683942106, 0.008560212019239188, 0.0011224110958406948, 0.00012500006137986555],
[0.6916328796524052, 0.2451849429135264, 0.053295035642148936, 0.008627033529249614, 0.001133605527607246, 0.00012650273506261195],
[0.6905959488586865, 0.2444726226655558, 0.05447751879228539, 0.009077129655004209, 0.0012338571611637229, 0.00014292286730426462],
[0.6831363110721559, 0.24929484839714158, 0.0565287163254736, 0.009566996933009877, 0.001318444083177068, 0.00015468318904203707],
[0.6821124570771582, 0.24994453866849758, 0.05681812231300248, 0.00963758942504005, 0.001330856463267277, 0.00015643605303442804],
[0.6747445540523397, 0.25461601805100814, 0.05890320603270773, 0.01014668020458057, 0.0014204448266822633, 0.00016909683268161047],
[0.6737332918718261, 0.25524516807833264, 0.0591970170278956, 0.01021996642301069, 0.0014335751191602492, 0.00017098147977472048],
[0.6664560017050002, 0.2597688831079401, 0.06131372335080845, 0.010748458609623536, 0.0015283399178031144, 0.00018459330882455405],
[0.6644557098509588, 0.2609911661424407, 0.061908719072333154, 0.010899874289860683, 0.0015559212077421699, 0.0001886094366644132],
[0.6572787558456127, 0.265352607915589, 0.06405827196772336, 0.0114503100380722, 0.0016567034149117294, 0.00020335081809120254],
[0.6562940895414209, 0.2646274802850891, 0.06514586750678578, 0.011931258408167337, 0.0017762763959588176, 0.00022502786257810805],
[0.6553105348653807, 0.2652140097670316, 0.06544530620486137, 0.012011232508816808, 0.0017915531161866141, 0.00022736353772286557],
[0.648232631104272, 0.2694311243522259, 0.06760235200398139, 0.012587873966257263, 0.0019017894027456642, 0.00024422917051770564],
[0.6473582562478862, 0.2699417643289331, 0.06787498632373819, 0.012662266631558996, 0.0019162521863392828, 0.00024647428154415523],
[0.6402703461633386, 0.27407689747327846, 0.07008751820187611, 0.013266640480356258, 0.002033853516759756, 0.0002647441643907693],
[0.639406729078416, 0.27457054238701145, 0.07036306016715156, 0.013343472664129226, 0.0020490554695902913, 0.00026714023370145534],
[0.6314543882646606, 0.2791039736527708, 0.07290728802418955, 0.014054823507135064, 0.002190111224917684, 0.00028941532632623205],
[0.6306026834954265, 0.27957895995409776, 0.0731858003214961, 0.01413439922690437, 0.002206167540398574, 0.0002919894616766346],
[0.6236997278852265, 0.2821787035539905, 0.07613098068683063, 0.015195806512981282, 0.0024572161368558534, 0.00033756522411521305],
[0.6227651262118412, 0.2826901521952116, 0.07644022786207881, 0.015287363970276193, 0.0024763741199327546, 0.00034075564065944166],
[0.6219251847305098, 0.2831486047037473, 0.07671880877262498, 0.015370044959048557, 0.002493709292049621, 0.0003436475420197739],
[0.615208642217583, 0.28681158968334297, 0.0789481104370285, 0.01603219766161874, 0.0026326253993149244, 0.00036683460111173956],
[0.6142867913284038, 0.28730338924210663, 0.07926007106063741, 0.016126727191026403, 0.0026527763974330374, 0.00037024478039272374],
[0.6076529146867589, 0.29083904282173556, 0.08150687538519483, 0.01680816160189238, 0.0027981442903001375, 0.0003948612141182278],
[0.6058294945265936, 0.29179161871580034, 0.08213476005785146, 0.017001997911518324, 0.0028400796805197162, 0.00040204910771660205],
[0.599199224319207, 0.2940360529198206, 0.0850432217583127, 0.01813591175234274, 0.0031277000884736735, 0.00045788916184316567],
[0.5983014444832622, 0.2944930856840429, 0.08535686682971336, 0.018236429135027297, 0.003150267162558857, 0.0004619067053953591],
[0.5918407837510307, 0.29777864308379054, 0.08761566470291518, 0.01896096092332716, 0.00331304451466205, 0.0004909030242743745],
[0.5910426709647447, 0.29817510810015885, 0.08789951086120361, 0.01905377204966504, 0.003334214379673786, 0.0004947236445539851],
[0.5901571447965064, 0.2986137375394639, 0.08821507320745459, 0.019157198103143182, 0.003357850043667525, 0.0004989963097643391],
[0.58378466248035, 0.30176690742759316, 0.09048760014779485, 0.019902669059016574, 0.0035283282934447623, 0.0005298325918006819],
[0.5829100413721982, 0.3021892991057786, 0.09080466279542537, 0.02000870484303178, 0.003552947562332163, 0.0005343443212339052],
[0.575748588032942, 0.3056374176222913, 0.09340589678057941, 0.020880724744406023, 0.0037557940971987293, 0.0005715787225825326],
[0.5748887834776191, 0.3048940196706819, 0.09426667727513977, 0.02141381311191771, 0.00392621959712049, 0.0006104868675211844],
[0.5685461452790764, 0.3078265865139733, 0.09656502367223688, 0.022209502886076867, 0.004117279916259787, 0.0006467177964629619, 8.874393591366273e-5],
[0.5677791366236526, 0.3081779236698232, 0.09685027824101042, 0.022309996391125717, 0.004141750511466662, 0.0006514149890151428, 8.949957390628485e-5],
[0.5616458110066856, 0.3109846171517501, 0.09913255431408005, 0.023114607401470897, 0.004337787897332987, 0.0006890634214296126, 9.555880725086261e-5],
[0.560803991451488, 0.31135983185518545, 0.09945038567304174, 0.023228775158065512, 0.0043660117434875315, 0.0006945519423734015, 9.645217635831118e-5],
[0.5599634344056222, 0.3117332235635861, 0.09976830199794244, 0.023343248309365794, 0.004394364634582201, 0.0007000746320620804, 9.735245683919137e-5],
[0.553914583322725, 0.31441707754197395, 0.10205751131719062, 0.024168221980609552, 0.004598829945933924, 0.0007399240035443217, 0.00010385188802265749],
[0.5522512638438679, 0.31403264906796496, 0.10317267801214634, 0.024826073095144018, 0.004813217455707004, 0.0007906370417478584, 0.00011348148342200953],
[0.5462858163905916, 0.3166083773402651, 0.10545000484676353, 0.02567181543285408, 0.005029172190015325, 0.0008340297934416374, 0.00012078400606874972],
[0.5454670397794337, 0.31695216602482323, 0.10576678007345139, 0.025791620385114122, 0.005060196979307186, 0.0008403393302802743, 0.00012185742759017061],
[0.5395749246118836, 0.31942307238050305, 0.10804766706599937, 0.026654958969816348, 0.005283910063948688, 0.0008858611191147227, 0.0001296057887342741],
[0.5387662134802698, 0.31975259386950033, 0.10836475989928566, 0.026777184816544553, 0.0053160284751117785, 0.0008924755693216921, 0.0001307438899662295],
[0.5329465314690465, 0.32212086821817676, 0.11064787902747714, 0.02765794604959934, 0.0055476206721062305, 0.0009401957124760175, 0.00013895885111803616],
[0.532147762416909, 0.3224364216307516, 0.11096511077466316, 0.027782566799329427, 0.005580848995932274, 0.0009471247873591506, 0.00014016459505543816],
[0.5313501915071188, 0.32275030614682143, 0.11128233914731306, 0.02790747634523955, 0.005614214527929541, 0.0009540933802264462, 0.00014137894535102904],
[0.5248192701003547, 0.3242613043229786, 0.11428637059352953, 0.029356659914169983, 0.006058037553102144, 0.0010572955704459617, 0.00016106194541926742],
[0.5240326994412065, 0.3245614860401498, 0.11460135096074764, 0.02948418818393355, 0.006093049391359124, 0.0010648154857958135, 0.0001624104968078063],
[0.5183723439627466, 0.3267187086091488, 0.11686915876350677, 0.030403099380874044, 0.006345483467160456, 0.0011190624944819227, 0.0001721433220815203],
[0.5175954442369594, 0.3270055554100104, 0.11718394475612909, 0.03053293125172089, 0.006381634758216602, 0.0011269215022468634, 0.0001735680847168055],
[0.5120046825831484, 0.3290668533910923, 0.1194503039301664, 0.031468419139689174, 0.006642277330233062, 0.0011836130024337147, 0.000183850623237053],
[0.5112373352620901, 0.32934064815241665, 0.11976473462138706, 0.03160052380855975, 0.006679582360640599, 0.0011918209561162932, 0.00018535483878948022],
[0.5057153144515669, 0.3313080567456838, 0.12202848818138848, 0.03255236612763572, 0.006948536126950256, 0.0012510279110106975, 0.00019621045576412332],
[0.5049572935896655, 0.3305593954618798, 0.12269284724903531, 0.03310509146972212, 0.007165590543894062, 0.0013106370150541148, 0.0002091446707491126],
[0.5034417590467173, 0.3310841116172231, 0.12331658828614958, 0.03337364662378217, 0.007243290457182126, 0.0013281638748940078, 0.0002124400940517031],
[0.498004085985967, 0.33294854256361867, 0.1255608802157901, 0.034344724552394706, 0.007525307393336859, 0.0013919845105132952, 0.00022447477837928047],
[0.497257751906033, 0.333195567586476, 0.1258719611285041, 0.03448167799652812, 0.0075656042981091815, 0.0014012059306739266, 0.00022623115367565193],
[0.4918869454579612, 0.33497041473528344, 0.12811150928741172, 0.03546840122881254, 0.007856106749547278, 0.0014677173433168596, 0.00023890519766701823],
[0.49114978949560295, 0.33520525362082404, 0.12842179301757342, 0.03560749427246457, 0.00789759389486899, 0.001477321965623434, 0.00024075373304249087],
[0.4858450303384829, 0.33689244120098794, 0.13065555901131035, 0.036609611795900096, 0.00819666973128589, 0.0015465954924141934, 0.00025409242961875917],
[0.48511694004707195, 0.33711535673538523, 0.13096490618799536, 0.03675080829669142, 0.008239358767771952, 0.001556593251762134, 0.00025603671332193924],
[0.4798776666260247, 0.3377574838749754, 0.1334777982052807, 0.03817923971096669, 0.008737259401185481, 0.0016867702811605456, 0.0002837819004065003],
[0.4791585404544593, 0.33797017916796945, 0.1337842117093875, 0.038322314190040466, 0.008781492819415744, 0.001697369428767858, 0.0002858922299596184],
[0.47772054573246925, 0.33839523475072325, 0.13439700600060447, 0.03860852238245106, 0.008869995341474575, 0.0017185798468009545, 0.0002901159454763457],
[0.4725610833764665, 0.33990302544640455, 0.13660082482865066, 0.03964280887042665, 0.009190984731463108, 0.001795747093837259, 0.00030552565275131693],
[0.4718529369860108, 0.3401015565638563, 0.1369057693352859, 0.039788371790814965, 0.009236734068349855, 0.0018068641434798628, 0.0003077671122022586],
[0.4667569346646244, 0.34152757505246123, 0.1391009782088779, 0.04083702901102149, 0.009566506365283469, 0.0018870375989402217, 0.0003239390987912379],
[0.46605749886516146, 0.3417149867183107, 0.1394046076924952, 0.040984550305725564, 0.0096134846816406, 0.0018985816311557903, 0.00032629010551075044],
[0.461024740145563, 0.3421396655050251, 0.14182980316529029, 0.042450525418117876, 0.010150561988198891, 0.002045642331689657, 0.0003590614461151068],
[0.4603339183557644, 0.34231759133474504, 0.14213026210780605, 0.04259971946980015, 0.010199085375426943, 0.002057825337871445, 0.0003615980185859979],
[0.4553625856502172, 0.3435953952277443, 0.14429311568516687, 0.04367449112175202, 0.010548834374618354, 0.0021456801991847027, 0.000379897741316637],
[0.45399613229579616, 0.3439321857583935, 0.14489135618510152, 0.04397620587371164, 0.010648092868404522, 0.002170844322118131, 0.00038518269647453183],
[0.4490933581727419, 0.34512415107454975, 0.14704189791625305, 0.04506595643527537, 0.011007861736987885, 0.002262326959968449, 0.00040444770422359036],
[0.4484204455493791, 0.3452797554369458, 0.147339015484773, 0.04521904509636639, 0.011059024387277856, 0.00227547229310557, 0.0004072417521522671],
[0.44774854308625395, 0.34543412008848323, 0.14763592088976343, 0.04537234979547409, 0.011110340046989738, 0.0022886747345675384, 0.00041005135846794417],
[0.442913356465459, 0.34654244373160453, 0.14977311498349077, 0.04647669008100952, 0.011480198687853034, 0.0023838762946624724, 0.0004303197559206754],
[0.44225062391580044, 0.34580315181755267, 0.15026296190682886, 0.0470254493952401, 0.01173906592388999, 0.0024673604865080665, 0.0004513865541799256],
[0.4374750038140216, 0.3468482313376668, 0.15237586075130602, 0.04814034761871074, 0.01211999619779643, 0.002567422562449754, 0.00047313771804860234],
[0.4368195450158955, 0.3469838841778025, 0.1526675726652093, 0.048296826553733074, 0.012174104467568399, 0.0025817800762220466, 0.0004762870435693007],
[0.4314526035293084, 0.3480867794026292, 0.15505778823813363, 0.04958158457987051, 0.012619015133154258, 0.0026999846309401173, 0.0005022444859638369],
[0.430806186810114, 0.3482115703752004, 0.15534733790666216, 0.04973992503590287, 0.012674537941885224, 0.0027148926264291043, 0.000505549303806214],
[0.4261167885152357, 0.34907636176578205, 0.15741759572159272, 0.05087598736220524, 0.013073537931283411, 0.002822134699996252, 0.0005293411071675461, 8.825289673716665e-5],
[0.42547810111803025, 0.3491914597173861, 0.15770498860980506, 0.05103589265388264, 0.013130312954494431, 0.0028375400938570835, 0.0005327884343548082, 8.891641818971613e-5],
[0.4248396728552367, 0.3484554308970153, 0.1581460785228701, 0.05157899450423998, 0.013400256633309373, 0.002928623592717443, 0.0005567686469781129, 9.41743476326996e-5],
[0.4202504448322354, 0.3492823713572314, 0.1602019536211572, 0.05272969920805679, 0.013812377924171856, 0.0030416299540650567, 0.0005823588607182324, 9.916424236420791e-5],
[0.4196205571210666, 0.349388378619161, 0.16048547845831615, 0.05289099803029869, 0.01387082539326345, 0.0030578150471254786, 0.0005860562782249193, 9.989105254382332e-5],
[0.39632197696288785, 0.33558688107632717, 0.17384263166679917, 0.06686303509121269, 0.020629033854961964, 0.005332905868684344, 0.001189604142587095, 0.00023393133653975393],
[0.39513252042649605, 0.33577020642473665, 0.1743281816236151, 0.06718391482090892, 0.02076763284778201, 0.005378738174831169, 0.0012020133230805068, 0.00023679235854956774],
[0.390864798146354, 0.33641366210205903, 0.17607253799343536, 0.06834107019841652, 0.021268784888292397, 0.005544851195024317, 0.0012470885716800602, 0.00024720690473836537],
[0.39027904165662713, 0.3364950133792115, 0.17631300788606366, 0.0685027460741446, 0.021339462664929733, 0.005568470918128685, 0.0012535472587818137, 0.00024871016211288314],
[0.38606379016373954, 0.3370782345658538, 0.1780437980749966, 0.0696671128246167, 0.02184868687443984, 0.005738710628950141, 0.001300114561486747, 0.00025955230591650987],
[0.38548519130981324, 0.3363806273171886, 0.17838182165293312, 0.0701480678982058, 0.022137040311285286, 0.005858367407240099, 0.0013389196733728718, 0.00026996442996096644],
[0.38490750995465917, 0.3364539810835837, 0.17861878199887332, 0.07031049739987479, 0.022209126841504577, 0.0058828199457432425, 0.0013457113056788259, 0.0002715714700822695],
[0.38075036819994246, 0.3369796808098787, 0.18032428702274783, 0.07148027457441582, 0.022728491793077753, 0.006059058164826138, 0.0013946777171021585, 0.00028316171800906343],
[0.3801797899101762, 0.33704505087658654, 0.18055923258622616, 0.07164361944784114, 0.022801690016185434, 0.006084097401017822, 0.001401687047957897, 0.0002848327140088742],
[0.3755078602688709, 0.33757347400760235, 0.18248378840900606, 0.072983914619784, 0.02340299356609586, 0.006289993018765252, 0.001459377895151721, 0.0002985982147238125],
[0.3749451469062893, 0.33763010891705747, 0.18271638625097897, 0.07314824337320781, 0.023477436152905436, 0.006315698240685479, 0.0014666369205569491, 0.00030034323831852264],
[0.37089571745199773, 0.3380355521085089, 0.18439043531195334, 0.07433167208399682, 0.02401376324744571, 0.006500960031946562, 0.001518971548888374, 0.00031292821526261006],
[0.37034004247633784, 0.3373442445021255, 0.18468820010191545, 0.07480445544269207, 0.02430926319217888, 0.006627725345384898, 0.0015613954469130531, 0.00032467349245227773],
[0.3663404445967328, 0.3377030983582509, 0.1863379282018571, 0.07599132637608452, 0.024854504552582177, 0.00681860280090061, 0.0016160763277738525, 0.00033801878581796125],
[0.36579149064173033, 0.3377458264550522, 0.18656494642042154, 0.07615692645617325, 0.024931282401001037, 0.006845693658608112, 0.0016238939449489326, 0.0003399400220646071],
[0.3652433603381998, 0.33778766917972863, 0.1867916884466266, 0.07632261871925684, 0.025008193566247536, 0.006872859120055647, 0.001631740511483043, 0.0003418701184019916],
[0.3612988726386481, 0.3380867192438272, 0.188423542795069, 0.07751583821035819, 0.025562290625711068, 0.007068638573491555, 0.0016883087664694085, 0.0003557891464256007],
[0.3602146601927624, 0.3381574603542247, 0.1888729779257482, 0.07784856910216434, 0.025718064561596195, 0.007124062389334898, 0.0017044262115775224, 0.00035977926259170794],
[0.35632454937555774, 0.33839823922298745, 0.19048640454914134, 0.07904781457514194, 0.02628098385671036, 0.007324796647855863, 0.001762922158219059, 0.00037428961438647755],
[0.35579062343976975, 0.3384249405347937, 0.19070824793061597, 0.07921505390740667, 0.02636020833557361, 0.0073532693107390065, 0.0017712795369149272, 0.0003763770041862447],
[0.3519486790257158, 0.3379117113220287, 0.19233427489245888, 0.08071284548619762, 0.027154504077550413, 0.007665096776560742, 0.0018700801025537993, 0.00040280831693412055],
[0.35142132506855395, 0.33793260118948965, 0.19255262439662368, 0.08088036093295257, 0.02723491686494642, 0.0076943700524992505, 0.0018787876393687696, 0.0004050138555657394],
[0.34762634688644817, 0.338080947645795, 0.19412400646430414, 0.08208666995006787, 0.027814219860423286, 0.007905331249570813, 0.0019415596500715006, 0.0004209182933192871],
[0.3471054788866573, 0.33809511838038137, 0.19433992869568276, 0.08225481026669204, 0.027895704667741415, 0.007935234407425142, 0.0019505206696928863, 0.00042320402572707346],
[0.34655667174439686, 0.33808047047914774, 0.19453942637196717, 0.08241619217625758, 0.027975001146934284, 0.007964554959504606, 0.001959350765370262, 0.0004254645281888934, 8.286782823255129e-5],
[0.34229707544189314, 0.33818228762958497, 0.19630414829276607, 0.08379564568988876, 0.028645104924970095, 0.008210957079866257, 0.0020333241591901736, 0.0004443658801579492, 8.709090168255608e-5],
[0.341784021039151, 0.33818815365028165, 0.1965168516754016, 0.08396444911208169, 0.02872789256301727, 0.008241644540790034, 0.002042605319157453, 0.00044675402605034336, 8.762807406901788e-5],
[0.3380913541899507, 0.33755185301993523, 0.19804945259406115, 0.08546103858227527, 0.029549764116492867, 0.008574141746515575, 0.0021510283961583437, 0.00047659946641892667, 9.476788819182331e-5],
[0.3375846074582299, 0.33755236779627745, 0.19825859367356596, 0.08562996059212608, 0.029633692625682537, 0.008605641787857351, 0.0021606781168353917, 0.0004791159901208804, 9.534195930431634e-5],
[0.3339379355152871, 0.3375541651114173, 0.19976362607409234, 0.08684635202874771, 0.03023829863293848, 0.00883263975290263, 0.0022302384558297306, 0.000497261839120122, 9.948258966444011e-5],
[0.3334374164802639, 0.33754845709163767, 0.1999701985528515, 0.08701576607657416, 0.03032327225055783, 0.008864785218602596, 0.0022401573895237943, 0.0004998663131555753, 0.00010008062683278216],
[0.3298355603770666, 0.33750549712806194, 0.20145672335435164, 0.08823568874610165, 0.03093540100289819, 0.009096431763291293, 0.0023116574852116976, 0.0005186460888639558, 0.000104394054153087],
[0.32934119257167055, 0.33749371928444766, 0.2016606825905946, 0.08840555722429852, 0.031021412911557578, 0.00912922756340585, 0.002321850261822299, 0.0005213407460510481, 0.0001050168461517665],
[0.328352634657633, 0.33746998973620423, 0.20206852368020248, 0.0887453066763238, 0.03119346701187896, 0.009194838347094196, 0.0023422439558165365, 0.000526732759313391, 0.00010626317553346075],
[0.32480572702678695, 0.3373729510040739, 0.20353156418003193, 0.08996922839627158, 0.03181488136985932, 0.009432318371204547, 0.002416205345947547, 0.0005463244804240488, 0.00011079982540038847],
[0.3243183769593531, 0.3367048537433596, 0.20370825695528436, 0.09040759711297333, 0.032129147682210264, 0.009582052819041308, 0.002471407460256238, 0.0005631259194181855, 0.00011518134810369677],
[0.32081507877298465, 0.3365725161309296, 0.2051453492829466, 0.09163129371153818, 0.03275841610240236, 0.009825457092333437, 0.0025481552497250795, 0.0005837191201454908, 0.00012001453699461801],
[0.3203342386679364, 0.33654863210171554, 0.20534237800759048, 0.09180159943450311, 0.032846786656699635, 0.009859894707215511, 0.002559087523951437, 0.0005866712636957014, 0.00012071163669211818],
[0.3168739961868673, 0.3363749473194255, 0.20676015563243, 0.09302790322584284, 0.033483364121759264, 0.010108048970998313, 0.002637888515572039, 0.0006079567747112887, 0.00012573925239346993],
[0.31639906572955967, 0.3363454586533594, 0.20695446591493183, 0.09319853524233465, 0.03357274212847808, 0.010143150490402153, 0.002649110369371829, 0.0006110073003335961, 0.00012646417122885048],
[0.3129813503144934, 0.3361314637994295, 0.20835265998302685, 0.09442717698353344, 0.034216570745617424, 0.010396086185876946, 0.002729997752203279, 0.0006330018847558064, 0.0001316923510631826],
[0.31251225694795126, 0.33609651198193813, 0.20854421661855027, 0.09459809790263175, 0.0343069478195093, 0.010431855830720337, 0.00274151379232292, 0.0006361531475393374, 0.0001324459588365586],
[0.3115737928067772, 0.33540301106978726, 0.20888040064252764, 0.09519495752209269, 0.03471554122189313, 0.010623977179046383, 0.0028123081144245435, 0.0006578442722281846, 0.00013816717122292464],
[0.30820823849351153, 0.33514709426080314, 0.21024764863326395, 0.09642286202582122, 0.035368598020881145, 0.010884063590542269, 0.00289662535941256, 0.0006810950480859143, 0.0001437745676781645],
[0.3077463046085937, 0.3351064738827661, 0.21043488951048722, 0.09659363123702601, 0.03546024049687989, 0.010920829786749272, 0.0029086238570617436, 0.0006844243399314058, 0.00014458228050452147],
[0.304422115085922, 0.3348124214637426, 0.21178216885347467, 0.09782323395030869, 0.03612036546463034, 0.01118575349316318, 0.002995106447414771, 0.0007084279242008013, 0.0001504073171430076],
[0.3039658587674123, 0.3347666344975529, 0.21196660678720253, 0.09799420363557072, 0.036212980849655095, 0.011223195183671361, 0.0030074100595632335, 0.0007118640851519756, 0.00015124613421979105],
[0.3006825261832058, 0.334435423420545, 0.21329369613752555, 0.09922523856889678, 0.03688010792483914, 0.011492983600442085, 0.0030960908801316803, 0.0007366378768005303, 0.00015729540761352844],
[0.30023187772721555, 0.33438460313035995, 0.21347530234574308, 0.09939637186160893, 0.036973686717979536, 0.01153110444034066, 0.003108704165211133, 0.0007401833487259555, 0.0001581662628152871],
[0.29698890047192356, 0.33401719212893893, 0.2147819950844114, 0.10062857360998075, 0.037647747394347564, 0.011805783836347073, 0.003199616034023866, 0.0007657449374185414, 0.00016444650260819465],
[0.29609715761525107, 0.3333143677418109, 0.2150664854144981, 0.10120949985859486, 0.03806484479357703, 0.012009185482726387, 0.0032770895519003054, 0.0007902522883888422, 0.00017111725325251792],
[0.29565338762996707, 0.3332583657838971, 0.21524375517074382, 0.10138031580348723, 0.03815962292224189, 0.012048309629884308, 0.003290206090490391, 0.0007939890763923235, 0.0001720478928958783],
[0.29245990908859343, 0.3328536921165376, 0.2165192224778792, 0.10261021774164931, 0.03884231324402071, 0.012330213640037422, 0.0033847432907921564, 0.0008209293226172854, 0.00017875907787279398],
[0.2920215937145687, 0.3327929358967649, 0.21669362370142844, 0.10278111126657949, 0.03893802631543072, 0.01237002284109136, 0.003398180203897011, 0.0008247817312201974, 0.00017972432901923005],
[0.2888673676577256, 0.33235406991282224, 0.21794843057861368, 0.10401156081946694, 0.0396274450806155, 0.012656860218718544, 0.003495025487957428, 0.0008525552210745799, 0.0001866850230054089],
[0.28843443993176493, 0.33228868490207314, 0.21811994036307136, 0.10418249577889624, 0.03972408255714704, 0.012697357546301656, 0.003508787264277679, 0.0008565257723334594, 0.00018768588413452155],
[0.28531898447244325, 0.3318165292626064, 0.21935392244404664, 0.10541323275289417, 0.040420153802199564, 0.012989150365190149, 0.0036079729462815263, 0.0008851506723300476, 0.00019490328200829203],
[0.2848913782544177, 0.3317466385707902, 0.21952251970693049, 0.10558417316903002, 0.040517704833548385, 0.013030338725152683, 0.0036220640572229425, 0.0008892419125364206, 0.00019594077037135313],
[0.2813898683411035, 0.3306063484461834, 0.22080457550142044, 0.1072073757026611, 0.041546297891447884, 0.013499781608952755, 0.0037936098354743914, 0.0009420661172770519, 0.0002100765554794041],
[0.28096815707761247, 0.3305323932592933, 0.22096918691991815, 0.10737780151264523, 0.04164485117633669, 0.013541893749593335, 0.0038081888733810017, 0.0009463506767291233, 0.00021117675449072715],
[0.2805470782850959, 0.3304579177397887, 0.2211334407958396, 0.10754821859709172, 0.041743512291479115, 0.013584090603326646, 0.0038228092511446965, 0.0009506506982878231, 0.00021228173794583783],
[0.2775168899273283, 0.3299203890959847, 0.22231517375351806, 0.10877520190430393, 0.04245414442735733, 0.013888121354351092, 0.00392818007643495, 0.0009816497915712769, 0.00022024966915031854],
[0.2771009872268921, 0.3298416653492553, 0.22247649321367038, 0.10894554186766016, 0.042553687892682185, 0.013931013232962731, 0.003943140140520233, 0.0009860770193088008, 0.00022139405704823671],
[0.2741080470431962, 0.3292735848606935, 0.2236370935419214, 0.11017195929740421, 0.043270669439807403, 0.014240048917492318, 0.004050958063925183, 0.0010179928030764674, 0.0002296460324831963],
[0.2736972568949925, 0.32919072873335764, 0.22379546271280423, 0.11034218710796975, 0.043371083473100966, 0.014283638127527967, 0.004066262188910887, 0.0010225498543321783, 0.00023083090700375055],
[0.27074094223139694, 0.32805141024045353, 0.22482104434742758, 0.11177613720505292, 0.04432107787620788, 0.014732349931158918, 0.004235327179540215, 0.0010761346041331511, 0.00024557638462895147],
[0.26992839375066674, 0.327880133216535, 0.2251312115515294, 0.11211537322435482, 0.04452338752692229, 0.0148210537447004, 0.0042667844559027635, 0.001085598789933106, 0.0002480637394553406],
[0.26701300088042335, 0.3272558222124345, 0.2262420296582008, 0.11333628099183053, 0.04525335385033469, 0.015141755864865795, 0.004380719831825184, 0.0011199345464480675, 0.00025710216363712197],
[0.2666128546749437, 0.32716537527595724, 0.2263934745637123, 0.11350567138684427, 0.04535554113235351, 0.015186967580768563, 0.004396882685376425, 0.0011248337579596675, 0.0002583989420841839],
[0.266213308648152, 0.3270744651111151, 0.2265445570630124, 0.11367503492393713, 0.04545782926089894, 0.015232264817530823, 0.004413089155354366, 0.0011297498870478653, 0.00025970113295136036],
[0.2633380740542189, 0.32641874953404915, 0.22763144438447916, 0.11489438783801144, 0.04619455879613213, 0.01555862056495062, 0.004529885645285622, 0.0011651886389954945, 0.0002690905438775603],
[0.26294343983853485, 0.3263240579603696, 0.22777955358225677, 0.11506352578708486, 0.0462976718333442, 0.01560461932715616, 0.004546450446671876, 0.0011702439225962835, 0.000270437301985324],
[0.260103551569105, 0.3256411488509383, 0.22884503020401326, 0.11628124429728486, 0.047040336879633105, 0.015936026584006058, 0.0046658282392434336, 0.0012066854203010402, 0.00028014795547487653],
[0.25971369097331687, 0.32502341413482133, 0.22886042046021587, 0.11664433046788612, 0.047369414749748956, 0.0161210680318309, 0.004744853471705881, 0.0012343691654172876, 0.00028843854505669874],
[0.2565221486511758, 0.32421972801226506, 0.23004279508926198, 0.11802489151469993, 0.0482220031652718, 0.016505775430633172, 0.004884951111431692, 0.0012776129010839653, 0.0003000941241764855],
[0.2561377406049389, 0.3241181368586978, 0.23018400042320433, 0.11819295356838017, 0.048326772017920086, 0.016553395804410547, 0.00490240491342312, 0.0012830326057650288, 0.00030156320325992807],
[0.25337144155875896, 0.32338561496359985, 0.23119976957413535, 0.1194029041783607, 0.04908134899715148, 0.01689647896849288, 0.005028186339109314, 0.0013220999341204303, 0.000312155486271035],
[0.25299175955054337, 0.3232805599326907, 0.23133799266312763, 0.11957063567190569, 0.049186896380216324, 0.01694480283974037, 0.005046011723679381, 0.001327667955902175, 0.00031367328219435685],
[0.25261264707932307, 0.3231750943109915, 0.23147585139611765, 0.11973832303826332, 0.049292537108557764, 0.016993212612713752, 0.005063882902965598, 0.0013332543878630287, 0.0003151971632042489],
[0.24988445596575148, 0.32241471061072546, 0.23246752316160085, 0.12094556492765561, 0.05005338705923381, 0.017341979843539607, 0.005192670879090848, 0.0013735231076087368, 0.0003261844447934678],
[0.24951001270689654, 0.32180703467162575, 0.2324587275465591, 0.1212934624571782, 0.05038290194284935, 0.0175327502803402, 0.005276231282082189, 0.0014035039365611936, 0.0003353751759074298],
[0.24681538347817472, 0.32102796696776126, 0.23342506128461232, 0.12249456165011889, 0.05114878970520732, 0.017887472474892162, 0.0054085540846174245, 0.0014453072786995607, 0.00034690307591630506],
[0.2460747151263968, 0.32080599669987675, 0.23368842581204055, 0.12282752575200213, 0.05136280372258448, 0.01798720141554622, 0.005445956294790474, 0.0014571820638085143, 0.0003501931129541118],
[0.24341722494937607, 0.32000066728894977, 0.23463071014901293, 0.12402536946053706, 0.05213469113371653, 0.01834760298166127, 0.005581354871718333, 0.001500238600718335, 0.0003621405643095946],
[0.24305247778244154, 0.31988579750674623, 0.23475872889925947, 0.12419131947071575, 0.052242594762901745, 0.01839833220941143, 0.005600528583128731, 0.0015063698938313768, 0.00036385089156388634],
[0.2404077130350176, 0.319031319996216, 0.235660000101943, 0.12537561912511655, 0.053015323951064834, 0.018762242725887942, 0.005738222589476801, 0.0015504358551612948, 0.0003761507356091013, 8.297188450683335e-5],
[0.24004737472805177, 0.31891326072821874, 0.23578492247740354, 0.1255410340542888, 0.053123909393171055, 0.018813663278297865, 0.005757780839251713, 0.0015567266811781389, 0.0003779152639645484, 8.341255617373179e-5],
[0.23968757667772003, 0.31879483884780313, 0.23590948055314764, 0.12570638814358293, 0.053232580029742516, 0.018865169596584467, 0.005777386914361662, 0.001563037428983223, 0.0003796865910933354, 8.385521698114378e-5],
[0.23709792646129813, 0.3174666267206178, 0.23664507331719342, 0.12706001067386935, 0.05423511931147879, 0.019381727904967654, 0.005987992786075238, 0.0016350341344643124, 0.00040102636865315295, 8.94623213822735e-5],
[0.2367425513813355, 0.31734595782730746, 0.23676617429127056, 0.12722437620402657, 0.05434440115147973, 0.01943404905178432, 0.006008105931487188, 0.001641572952064835, 0.0004028805948298642, 8.993061441393164e-5],
[0.23383272232201605, 0.31635365695404527, 0.23775632139016406, 0.12857166578725782, 0.05524117335987269, 0.019863762351666654, 0.006173417278197663, 0.0016953526402949445, 0.000418140865988621, 9.378705049611052e-5],
[0.23348224282267097, 0.3162297670961902, 0.2378740878077481, 0.12873542990105244, 0.05535121317897808, 0.01991686970328225, 0.006193975633956511, 0.0017020793097475616, 0.00042005998618131426, 9.427456019246701e-5],
[0.2309601076027864, 0.3153369066189727, 0.23872109755480164, 0.12991435987630398, 0.0561437031256999, 0.020299457446393148, 0.006342118518839946, 0.0017505634636043011, 0.0004338957683979249, 9.779002420015338e-5],
[0.2306139351011615, 0.3152102395017078, 0.23883589338428068, 0.13007755646210617, 0.056254402828469496, 0.020353265206679787, 0.006363077629754548, 0.0017574605425066917, 0.0004358741523164032, 9.829519101695416e-5],
[0.22812279397575422, 0.3142974093823518, 0.23966151565807067, 0.13125239125051863, 0.05705163936470295, 0.02074089576568915, 0.006514107091022481, 0.0018071725155872618, 0.0004501370530325235, 0.00010193794327034173],
[0.22778046381667794, 0.3137120603683538, 0.23960189912903584, 0.13156476123678365, 0.05737982187990881, 0.020943659796812116, 0.006607970243425372, 0.0018426326407926532, 0.0004615641890989446, 0.00010516669911067117],
[0.22743905961713481, 0.3135830690822164, 0.2397129402373491, 0.13172680336899534, 0.05749114262683862, 0.020998355579066482, 0.006629497209017904, 0.0018497906347258145, 0.0004636392941616575, 0.0001057023504937842],
[0.22498223215983698, 0.31265353158231035, 0.24051153397249303, 0.13289331641197846, 0.05829284408023173, 0.021392378936390975, 0.0067846164488928945, 0.001901382358713818, 0.000478599207526606, 0.00010956484162542107],
[0.22430692352409784, 0.3123908861081783, 0.24072834817506222, 0.13321628331123206, 0.058516600749392154, 0.021503014431431402, 0.006828398851006816, 0.0019160138817697148, 0.0004828610240266079, 0.00011066994380299632],
[0.22188394171791828, 0.3114403958716795, 0.24150311313496148, 0.13437769092956994, 0.059323321053497406, 0.021902664361460853, 0.00698682017209429, 0.001969038150487707, 0.0004983283235321902, 0.00011468628479822094],
[0.2215513785725063, 0.3113059810271119, 0.24160789924031967, 0.1345383645572458, 0.05943594530004137, 0.02195883723447937, 0.0070092179391434825, 0.0019765751912118094, 0.0005005380685579622, 0.00011526286938260159],
[0.21915817325085307, 0.31033744749796627, 0.24236146015484988, 0.13569500611432464, 0.06024702200645921, 0.022363495055714527, 0.007170609259958837, 0.002030897913621079, 0.0005164683130066199, 0.00011942043324579141],
[0.21882969708706831, 0.31020060483977124, 0.2424633065340146, 0.1358549909629853, 0.06036023639966451, 0.022420362402774105, 0.007193422860405884, 0.00203861803059757, 0.0005187437237409416, 0.00012001715897759556],
[0.21646554693941727, 0.3087813067978532, 0.24301148872607492, 0.13713971854851212, 0.061388110459335184, 0.022981459298869023, 0.007434266547972832, 0.0021250692537734314, 0.0005456159869715005, 0.00012741744122044864],
[0.21614110910457104, 0.30864276671483615, 0.243110029973052, 0.1372985118523227, 0.06150178012035762, 0.023039111497589027, 0.007457611916671133, 0.0021330438293816908, 0.0005479890508413575, 0.00012804594037734473],
[0.21581715773990504, 0.3085039485663647, 0.24320821589856498, 0.13745721475933098, 0.06161551744010569, 0.023096847744308972, 0.007481008779130878, 0.002141041483907643, 0.0005503705278499375, 0.00012867706053129265],
[0.21348592456449794, 0.30750376010667513, 0.2439142638902377, 0.13859964989352397, 0.06243459682056781, 0.023512760248843564, 0.007649595750301821, 0.0021986826674679936, 0.0005675383348317444, 0.00013322772305218773],
[0.21284513842891437, 0.30722206055171536, 0.2441054347372324, 0.13891572979319877, 0.06266306051553679, 0.02362946311140112, 0.00769714370576104, 0.0022150161518447887, 0.0005724246097786057, 0.00013452839461670978],
